角度观测值为：

测站点	左照准点    右照准点    角度观测值

1               2               5            301.6086
5               1               6            203.3764
6               5               7             95.6859
7               6               8            224.2909
8               7               3             95.0839
3               8               4            318.2685
2               1               9             53.8524
9               2               6            145.9717
6               9               5            125.1604
8               3              10            118.5906
10               8               4            131.3042
4              10               3             68.3754
8              10               7            146.3270
6               7               9            139.1544
边长观测值为：

起点 终点	边长观测值

1         5             68.5820
5         6             94.7400
6         7             84.5230
7         8             86.6680
8         3            125.6510
2         9            111.4490
9         6             67.2890
8        10             67.4560
10         4             65.4840
坐标改正数和坐标平差值：

点名     X坐标     Y坐标     X改正数（米)     Y改正数（米）     X平差值        Y平差值

1       871.1893       220.8223    0.0000    0.0000       871.1893       220.8223
2       632.2173       179.4811    0.0000    0.0000       632.2173       179.4811
3       840.9400       533.4018    0.0000    0.0000       840.9400       533.4018
4       663.4752       570.7100    0.0000    0.0000       663.4752       570.7100
5       825.8100       272.2500    0.0102   -0.0084       825.8202       272.2416
6       740.1070       312.5790   -0.0013   -0.0020       740.1057       312.5770
7       768.3400       392.2300   -0.0131   -0.0257       768.3269       392.2043
8       732.0410       470.8850   -0.0232   -0.0125       732.0178       470.8725
9       681.6300       279.3000   -0.0076    0.0012       681.6224       279.3012
10       674.5670       506.1770    0.0055   -0.0313       674.5725       506.1457
角度改正数和平差值：

测站点   左照准点   右照准点   角度观测值(°′″)      角度改正数     角度平差值(°′″)

1              2              5            301             36             31                       -0.9476            301             36             30
5              1              6            203             22             35                       -0.9476            203             22             34
6              5              7             95             41              9                       -1.3906             95             41              8
7              6              8            224             17             27                       -0.7238            224             17             27
8              7              3             95              5              2                       -1.7948             95              5              0
3              8              4            318             16              6                        0.8394            318             16              7
2              1              9             53             51              9                        0.2238             53             51              9
9              2              6            145             58             18                        0.2238            145             58             18
6              9              5            125              9             38                       -0.4429            125              9             37
8              3             10            118             35             26                       -2.6342            118             35             24
10              8              4            131             18             15                       -1.5632            131             18             14
4             10              3             68             22             32                       -1.5632             68             22             30
8             10              7            146             19             37                       -1.0710            146             19             36
6              7              9            139              9             16                       -0.6667            139              9             15
边长改正数和平差值：

起点   终点   边长观测值    边长改正数     边长平差值     边长中误差（毫米)

1         5             68.5820       -0.0087       68.5733        8.2814
5         6             94.7400       -0.0092       94.7308        9.7334
6         7             84.5230       -0.0425       84.4805        9.1936
7         8             86.6680       -0.0248       86.6432        9.3096
8         3            125.6510       -0.0566      125.5944       11.2094
2         9            111.4490       -0.0693      111.3797       10.5569
9         6             67.2890       -0.0080       67.2810        8.2030
8        10             67.4560       -0.0074       67.4486        8.2132
10         4             65.4840        0.0084       65.4924        8.0922
